0 0.240 0.019 0.411 0.055
0 0.055 0.018 0.196 0.057
0 0.349 0.074 0.323 0.109
0 0.201 0.078 0.179 0.093
0 0.057 0.092 0.154 0.092
0 0.357 0.189 0.289 0.061
0 0.049 0.188 0.302 0.061
1 0.601 0.032 0.039 0.022
1 0.447 0.020 0.071 0.027
1 0.253 0.024 0.063 0.040
1 0.064 0.045 0.051 0.022
1 0.523 0.081 0.058 0.021
1 0.283 0.142 0.095 0.036
1 0.085 0.105 0.037 0.012
1 0.053 0.145 0.048 0.025
1 0.573 0.191 0.065 0.020
1 0.379 0.192 0.062 0.025
1 0.240 0.193 0.042 0.017
1 0.293 0.208 0.058 0.021
1 0.111 0.212 0.055 0.026
1 0.062 0.194 0.039 0.022
