0 0.050 0.000 0.605 0.064
0 0.435 0.072 0.209 0.051
0 0.239 0.071 0.184 0.052
0 0.064 0.071 0.167 0.051
0 0.390 0.130 0.256 0.121
0 0.287 0.131 0.090 0.117
0 0.067 0.132 0.221 0.119
1 0.552 0.004 0.078 0.031
1 0.497 0.021 0.074 0.031
1 0.274 0.010 0.053 0.027
1 0.080 0.006 0.106 0.044
1 0.579 0.074 0.055 0.023
1 0.450 0.078 0.041 0.022
1 0.380 0.073 0.039 0.017
1 0.355 0.087 0.044 0.023
1 0.203 0.080 0.049 0.032
1 0.073 0.094 0.044 0.024
1 0.574 0.136 0.059 0.044
1 0.309 0.197 0.048 0.034
1 0.068 0.132 0.078 0.058
