0 0.009 0.001 0.641 0.096
1 0.276 0.105 0.369 0.053
1 0.064 0.105 0.199 0.053
1 0.385 0.166 0.259 0.103
1 0.243 0.166 0.132 0.085
1 0.001 0.165 0.233 0.103
1 0.527 0.011 0.103 0.050
1 0.177 0.029 0.039 0.020
1 0.032 0.017 0.103 0.035
1 0.550 0.106 0.094 0.036
1 0.501 0.125 0.041 0.014
1 0.420 0.118 0.036 0.016
1 0.283 0.108 0.077 0.036
1 0.225 0.107 0.034 0.019
1 0.074 0.135 0.041 0.014
1 0.579 0.168 0.061 0.029
1 0.420 0.175 0.050 0.025
1 0.408 0.221 0.054 0.035
1 0.250 0.224 0.051 0.019
1 0.177 0.168 0.050 0.026
1 0.116 0.178 0.041 0.013
1 0.024 0.169 0.083 0.036
1 0.021 0.220 0.068 0.033
