0 0.003 0.000 0.644 0.102
0 0.309 0.085 0.397 0.020
0 0.324 0.104 0.382 0.057
0 0.008 0.103 0.332 0.058
0 0.383 0.164 0.324 0.102
0 0.000 0.164 0.374 0.039
0 0.004 0.202 0.376 0.064
1 0.501 0.028 0.081 0.031
1 0.390 0.055 0.055 0.024
1 0.538 0.116 0.058 0.026
1 0.348 0.123 0.050 0.022
1 0.279 0.133 0.051 0.017
1 0.091 0.132 0.071 0.022
1 0.597 0.171 0.068 0.025
1 0.452 0.183 0.057 0.022
1 0.406 0.197 0.073 0.032
1 0.118 0.170 0.033 0.013
1 0.062 0.194 0.027 0.010
1 0.111 0.233 0.060 0.029
1 0.054 0.226 0.069 0.033
