0 0.310 0.000 0.398 0.093
1 0.062 0.017 0.243 0.074
2 0.068 0.100 0.574 0.044
3 0.509 0.150 0.135 0.101
4 0.185 0.151 0.312 0.100
5 0.063 0.152 0.111 0.100
6 0.577 0.004 0.116 0.031
6 0.507 0.037 0.037 0.020
6 0.328 0.004 0.093 0.036
6 0.241 0.019 0.062 0.025
6 0.068 0.018 0.079 0.030
6 0.068 0.056 0.079 0.034
6 0.542 0.102 0.092 0.037
6 0.228 0.104 0.028 0.016
6 0.186 0.112 0.050 0.020
6 0.078 0.101 0.092 0.038
6 0.598 0.155 0.045 0.018
6 0.514 0.212 0.075 0.036
6 0.412 0.151 0.082 0.045
6 0.201 0.204 0.079 0.037
6 0.138 0.154 0.044 0.018
6 0.059 0.211 0.051 0.025
