0 0.347 0.000 0.358 0.140
1 0.062 0.000 0.288 0.054
2 0.214 0.063 0.140 0.069
3 0.063 0.063 0.141 0.070
4 0.232 0.143 0.471 0.125
5 0.063 0.141 0.162 0.031
6 0.063 0.211 0.162 0.040
7 0.066 0.182 0.159 0.039
8 0.615 0.027 0.050 0.023
8 0.381 0.017 0.085 0.045
8 0.266 0.001 0.092 0.024
8 0.206 0.009 0.069 0.028
8 0.157 0.002 0.037 0.018
8 0.074 0.002 0.048 0.020
8 0.304 0.064 0.054 0.018
8 0.210 0.064 0.057 0.028
8 0.138 0.064 0.065 0.031
8 0.068 0.069 0.051 0.017
8 0.606 0.150 0.085 0.043
8 0.333 0.144 0.061 0.030
8 0.249 0.155 0.085 0.046
8 0.079 0.220 0.044 0.024
8 0.171 0.182 0.059 0.019
