0 0.244 0.000 0.462 0.117
1 0.002 0.073 0.383 0.044
2 0.000 0.005 0.331 0.072
3 0.000 0.120 0.707 0.055
4 0.333 0.177 0.374 0.046
5 0.295 0.223 0.412 0.043
6 0.021 0.175 0.350 0.087
7 0.566 0.026 0.073 0.022
7 0.514 0.054 0.050 0.019
7 0.191 0.057 0.053 0.021
7 0.593 0.122 0.068 0.032
7 0.523 0.144 0.063 0.028
7 0.340 0.135 0.052 0.028
7 0.150 0.128 0.060 0.033
7 0.050 0.139 0.068 0.036
7 0.607 0.183 0.052 0.019
7 0.421 0.179 0.063 0.039
7 0.382 0.203 0.041 0.015
7 0.592 0.219 0.056 0.028
7 0.499 0.227 0.060 0.033
7 0.394 0.227 0.054 0.024
7 0.256 0.202 0.051 0.016
7 0.059 0.205 0.069 0.030
