0 0.389 0.000 0.256 0.095
1 0.181 0.000 0.197 0.094
2 0.000 0.000 0.168 0.094
3 0.370 0.102 0.275 0.033
4 0.370 0.141 0.272 0.038
5 0.057 0.103 0.307 0.077
6 0.417 0.186 0.227 0.081
7 0.000 0.186 0.403 0.082
8 0.566 0.015 0.070 0.027
8 0.393 0.048 0.091 0.046
8 0.199 0.055 0.062 0.034
8 0.082 0.010 0.077 0.037
8 0.397 0.106 0.048 0.021
8 0.536 0.142 0.103 0.037
8 0.385 0.147 0.041 0.018
8 0.284 0.105 0.064 0.036
8 0.035 0.106 0.050 0.025
8 0.562 0.192 0.074 0.037
8 0.344 0.187 0.062 0.026
8 0.026 0.193 0.044 0.018
