0 0.332 0.000 0.377 0.117
1 0.064 0.000 0.254 0.068
1 0.063 0.076 0.252 0.041
1 0.049 0.124 0.605 0.042
1 0.515 0.173 0.194 0.095
1 0.284 0.172 0.219 0.096
1 0.063 0.173 0.209 0.095
1 0.593 0.016 0.085 0.042
1 0.337 0.020 0.098 0.039
1 0.214 0.007 0.054 0.015
1 0.073 0.007 0.057 0.036
1 0.088 0.050 0.060 0.018
1 0.251 0.077 0.052 0.025
1 0.131 0.079 0.041 0.019
1 0.078 0.093 0.063 0.023
1 0.579 0.126 0.071 0.033
1 0.288 0.133 0.047 0.017
1 0.094 0.133 0.038 0.023
1 0.623 0.179 0.076 0.037
1 0.438 0.174 0.056 0.025
1 0.295 0.214 0.074 0.038
1 0.221 0.178 0.045 0.018
1 0.076 0.175 0.062 0.051
